(kicad_pcb (version 20171130) (host pcbnew "(5.1.10)-1")

  (general
    (thickness 1.6)
    (drawings 17)
    (tracks 1073)
    (zones 0)
    (modules 110)
    (nets 60)
  )

  (page A4)
  (layers
    (0 F.Cu signal)
    (1 In1.Cu signal)
    (2 In2.Cu signal)
    (31 B.Cu signal)
    (32 B.Adhes user)
    (33 F.Adhes user)
    (34 B.Paste user)
    (35 F.Paste user)
    (36 B.SilkS user)
    (37 F.SilkS user)
    (38 B.Mask user)
    (39 F.Mask user)
    (40 Dwgs.User user)
    (41 Cmts.User user)
    (42 Eco1.User user)
    (43 Eco2.User user)
    (44 Edge.Cuts user)
    (45 Margin user)
    (46 B.CrtYd user)
    (47 F.CrtYd user)
    (48 B.Fab user)
    (49 F.Fab user)
  )

  (setup
    (last_trace_width 0.25)
    (user_trace_width 0.5)
    (user_trace_width 2)
    (user_trace_width 5.5)
    (trace_clearance 0.2)
    (zone_clearance 0.4)
    (zone_45_only no)
    (trace_min 0.2)
    (via_size 0.8)
    (via_drill 0.4)
    (via_min_size 0.4)
    (via_min_drill 0.3)
    (uvia_size 0.3)
    (uvia_drill 0.1)
    (uvias_allowed no)
    (uvia_min_size 0.2)
    (uvia_min_drill 0.1)
    (edge_width 0.05)
    (segment_width 0.2)
    (pcb_text_width 0.3)
    (pcb_text_size 1.5 1.5)
    (mod_edge_width 0.12)
    (mod_text_size 1 1)
    (mod_text_width 0.15)
    (pad_size 1.524 1.524)
    (pad_drill 0.762)
    (pad_to_mask_clearance 0.0508)
    (aux_axis_origin 0 0)
    (visible_elements 7FFFFFFF)
    (pcbplotparams
      (layerselection 0x010c0_ffffffff)
      (usegerberextensions true)
      (usegerberattributes true)
      (usegerberadvancedattributes true)
      (creategerberjobfile true)
      (excludeedgelayer true)
      (linewidth 0.100000)
      (plotframeref false)
      (viasonmask false)
      (mode 1)
      (useauxorigin false)
      (hpglpennumber 1)
      (hpglpenspeed 20)
      (hpglpendiameter 15.000000)
      (psnegative false)
      (psa4output false)
      (plotreference true)
      (plotvalue true)
      (plotinvisibletext false)
      (padsonsilk false)
      (subtractmaskfromsilk false)
      (outputformat 1)
      (mirror false)
      (drillshape 0)
      (scaleselection 1)
      (outputdirectory "gerbers/"))
  )

  (net 0 "")
  (net 1 GND)
  (net 2 "Net-(C1-Pad1)")
  (net 3 28VDC)
  (net 4 "Net-(C3-Pad1)")
  (net 5 "Net-(C5-Pad2)")
  (net 6 "Net-(C9-Pad1)")
  (net 7 HB1)
  (net 8 "Net-(C12-Pad1)")
  (net 9 "Net-(C14-Pad1)")
  (net 10 "Net-(C16-Pad1)")
  (net 11 "Net-(C18-Pad1)")
  (net 12 "Net-(C19-Pad1)")
  (net 13 "Net-(C21-Pad1)")
  (net 14 "Net-(C21-Pad2)")
  (net 15 "Net-(C22-Pad1)")
  (net 16 "Net-(C23-Pad1)")
  (net 17 "Net-(C23-Pad2)")
  (net 18 "Net-(C24-Pad1)")
  (net 19 "Net-(C25-Pad1)")
  (net 20 "Net-(C26-Pad1)")
  (net 21 "Net-(C26-Pad2)")
  (net 22 "Net-(C27-Pad2)")
  (net 23 "Net-(C27-Pad1)")
  (net 24 "Net-(C28-Pad1)")
  (net 25 HB2)
  (net 26 "Net-(C29-Pad2)")
  (net 27 +5V)
  (net 28 +3V3)
  (net 29 +12V)
  (net 30 "Net-(C47-Pad1)")
  (net 31 "Net-(C47-Pad2)")
  (net 32 "Net-(IC1-Pad2)")
  (net 33 "Net-(IC1-Pad8)")
  (net 34 "Net-(IC1-Pad10)")
  (net 35 "Net-(IC1-Pad11)")
  (net 36 "Net-(IC1-Pad13)")
  (net 37 "Net-(IC1-Pad15)")
  (net 38 "Net-(IC1-Pad23)")
  (net 39 "Net-(IC1-Pad26)")
  (net 40 "Net-(IC1-Pad31)")
  (net 41 "Net-(IC2-Pad5)")
  (net 42 "Net-(IC2-Pad6)")
  (net 43 "Net-(IC2-Pad7)")
  (net 44 "Net-(IC2-Pad9)")
  (net 45 "Net-(Q1-Pad3)")
  (net 46 "Net-(Q1-Pad2)")
  (net 47 "Net-(Q2-Pad2)")
  (net 48 "Net-(Q3-Pad2)")
  (net 49 "Net-(Q4-Pad2)")
  (net 50 "Net-(Q5-Pad2)")
  (net 51 "Net-(Q6-Pad2)")
  (net 52 "Net-(Q7-Pad2)")
  (net 53 "Net-(Q8-Pad2)")
  (net 54 "Net-(Q9-Pad2)")
  (net 55 "Net-(Q10-Pad2)")
  (net 56 "Net-(Q10-Pad3)")
  (net 57 STANDBY)
  (net 58 "Net-(Q3-Pad1)")
  (net 59 "Net-(Q5-Pad1)")

  (net_class Default "This is the default net class."
    (clearance 0.2)
    (trace_width 0.25)
    (via_dia 0.8)
    (via_drill 0.4)
    (uvia_dia 0.3)
    (uvia_drill 0.1)
    (add_net +12V)
    (add_net +3V3)
    (add_net +5V)
    (add_net 28VDC)
    (add_net GND)
    (add_net HB1)
    (add_net HB2)
    (add_net "Net-(C1-Pad1)")
    (add_net "Net-(C12-Pad1)")
    (add_net "Net-(C14-Pad1)")
    (add_net "Net-(C16-Pad1)")
    (add_net "Net-(C18-Pad1)")
    (add_net "Net-(C19-Pad1)")
    (add_net "Net-(C21-Pad1)")
    (add_net "Net-(C21-Pad2)")
    (add_net "Net-(C22-Pad1)")
    (add_net "Net-(C23-Pad1)")
    (add_net "Net-(C23-Pad2)")
    (add_net "Net-(C24-Pad1)")
    (add_net "Net-(C25-Pad1)")
    (add_net "Net-(C26-Pad1)")
    (add_net "Net-(C26-Pad2)")
    (add_net "Net-(C27-Pad1)")
    (add_net "Net-(C27-Pad2)")
    (add_net "Net-(C28-Pad1)")
    (add_net "Net-(C29-Pad2)")
    (add_net "Net-(C3-Pad1)")
    (add_net "Net-(C47-Pad1)")
    (add_net "Net-(C47-Pad2)")
    (add_net "Net-(C5-Pad2)")
    (add_net "Net-(C9-Pad1)")
    (add_net "Net-(IC1-Pad10)")
    (add_net "Net-(IC1-Pad11)")
    (add_net "Net-(IC1-Pad13)")
    (add_net "Net-(IC1-Pad15)")
    (add_net "Net-(IC1-Pad2)")
    (add_net "Net-(IC1-Pad23)")
    (add_net "Net-(IC1-Pad26)")
    (add_net "Net-(IC1-Pad31)")
    (add_net "Net-(IC1-Pad8)")
    (add_net "Net-(IC2-Pad5)")
    (add_net "Net-(IC2-Pad6)")
    (add_net "Net-(IC2-Pad7)")
    (add_net "Net-(IC2-Pad9)")
    (add_net "Net-(Q1-Pad2)")
    (add_net "Net-(Q1-Pad3)")
    (add_net "Net-(Q10-Pad2)")
    (add_net "Net-(Q10-Pad3)")
    (add_net "Net-(Q2-Pad2)")
    (add_net "Net-(Q3-Pad1)")
    (add_net "Net-(Q3-Pad2)")
    (add_net "Net-(Q4-Pad2)")
    (add_net "Net-(Q5-Pad1)")
    (add_net "Net-(Q5-Pad2)")
    (add_net "Net-(Q6-Pad2)")
    (add_net "Net-(Q7-Pad2)")
    (add_net "Net-(Q8-Pad2)")
    (add_net "Net-(Q9-Pad2)")
    (add_net STANDBY)
  )

  (module Package_TO_SOT_SMD:SOT-323_SC-70 (layer F.Cu) (tedit 65078E02) (tstamp 6507864E)
    (at 160.766 51.704)
    (descr "SOT-323, SC-70")
    (tags "SOT-323 SC-70")
    (path /6596F6FA)
    (attr smd)
    (fp_text reference Q10 (at -0.05 -1.95) (layer F.SilkS)
      (effects (font (size 1 1) (thickness 0.15)))
    )
    (fp_text value 2N3904 (at -0.05 2.05) (layer F.Fab)
      (effects (font (size 1 1) (thickness 0.15)))
    )
    (fp_line (start 0.73 0.5) (end 0.73 1.16) (layer F.SilkS) (width 0.12))
    (fp_line (start 0.73 -1.16) (end 0.73 -0.5) (layer F.SilkS) (width 0.12))
    (fp_line (start 1.7 1.3) (end -1.7 1.3) (layer F.CrtYd) (width 0.05))
    (fp_line (start 1.7 -1.3) (end 1.7 1.3) (layer F.CrtYd) (width 0.05))
    (fp_line (start -1.7 -1.3) (end 1.7 -1.3) (layer F.CrtYd) (width 0.05))
    (fp_line (start -1.7 1.3) (end -1.7 -1.3) (layer F.CrtYd) (width 0.05))
    (fp_line (start 0.73 -1.16) (end -1.3 -1.16) (layer F.SilkS) (width 0.12))
    (fp_line (start -0.68 1.16) (end 0.73 1.16) (layer F.SilkS) (width 0.12))
    (fp_line (start 0.67 -1.1) (end -0.18 -1.1) (layer F.Fab) (width 0.1))
    (fp_line (start -0.68 -0.6) (end -0.68 1.1) (layer F.Fab) (width 0.1))
    (fp_line (start 0.67 -1.1) (end 0.67 1.1) (layer F.Fab) (width 0.1))
    (fp_line (start 0.67 1.1) (end -0.68 1.1) (layer F.Fab) (width 0.1))
    (fp_line (start -0.18 -1.1) (end -0.68 -0.6) (layer F.Fab) (width 0.1))
    (fp_text user %R (at 0 0 90) (layer F.Fab)
      (effects (font (size 0.5 0.5) (thickness 0.075)))
    )
    (pad 1 smd rect (at -1 0.65 270) (size 0.45 0.7) (layers F.Cu F.Paste F.Mask)
      (net 1 GND))
    (pad 2 smd rect (at -1 -0.65 270) (size 0.45 0.7) (layers F.Cu F.Paste F.Mask)
      (net 55 "Net-(Q10-Pad2)"))
    (pad 3 smd rect (at 1 0 270) (size 0.45 0.7) (layers F.Cu F.Paste F.Mask)
      (net 56 "Net-(Q10-Pad3)"))
    (model ${KISYS3DMOD}/Package_TO_SOT_SMD.3dshapes/SOT-323_SC-70.wrl
      (at (xyz 0 0 0))
      (scale (xyz 1 1 1))
      (rotate (xyz 0 0 0))
    )
  )

  (module Package_TO_SOT_SMD:SOT-323_SC-70 (layer F.Cu) (tedit 65078DDB) (tstamp 65078551)
    (at 82.804 50.546 180)
    (descr "SOT-323, SC-70")
    (tags "SOT-323 SC-70")
    (path /658825C1)
    (attr smd)
    (fp_text reference Q1 (at -0.05 -1.95) (layer F.SilkS)
      (effects (font (size 1 1) (thickness 0.15)))
    )
    (fp_text value 2N3904 (at -0.05 2.05) (layer F.Fab)
      (effects (font (size 1 1) (thickness 0.15)))
    )
    (fp_line (start -0.18 -1.1) (end -0.68 -0.6) (layer F.Fab) (width 0.1))
    (fp_line (start 0.67 1.1) (end -0.68 1.1) (layer F.Fab) (width 0.1))
    (fp_line (start 0.67 -1.1) (end 0.67 1.1) (layer F.Fab) (width 0.1))
    (fp_line (start -0.68 -0.6) (end -0.68 1.1) (layer F.Fab) (width 0.1))
    (fp_line (start 0.67 -1.1) (end -0.18 -1.1) (layer F.Fab) (width 0.1))
    (fp_line (start -0.68 1.16) (end 0.73 1.16) (layer F.SilkS) (width 0.12))
    (fp_line (start 0.73 -1.16) (end -1.3 -1.16) (layer F.SilkS) (width 0.12))
    (fp_line (start -1.7 1.3) (end -1.7 -1.3) (layer F.CrtYd) (width 0.05))
    (fp_line (start -1.7 -1.3) (end 1.7 -1.3) (layer F.CrtYd) (width 0.05))
    (fp_line (start 1.7 -1.3) (end 1.7 1.3) (layer F.CrtYd) (width 0.05))
    (fp_line (start 1.7 1.3) (end -1.7 1.3) (layer F.CrtYd) (width 0.05))
    (fp_line (start 0.73 -1.16) (end 0.73 -0.5) (layer F.SilkS) (width 0.12))
    (fp_line (start 0.73 0.5) (end 0.73 1.16) (layer F.SilkS) (width 0.12))
    (fp_text user %R (at 0 0 90) (layer F.Fab)
      (effects (font (size 0.5 0.5) (thickness 0.075)))
    )
    (pad 3 smd rect (at 1 0 90) (size 0.45 0.7) (layers F.Cu F.Paste F.Mask)
      (net 45 "Net-(Q1-Pad3)"))
    (pad 2 smd rect (at -1 -0.65 90) (size 0.45 0.7) (layers F.Cu F.Paste F.Mask)
      (net 46 "Net-(Q1-Pad2)"))
    (pad 1 smd rect (at -1 0.65 90) (size 0.45 0.7) (layers F.Cu F.Paste F.Mask)
      (net 1 GND))
    (model ${KISYS3DMOD}/Package_TO_SOT_SMD.3dshapes/SOT-323_SC-70.wrl
      (at (xyz 0 0 0))
      (scale (xyz 1 1 1))
      (rotate (xyz 0 0 0))
    )
  )

  (module Capacitor_SMD:C_0402_1005Metric (layer F.Cu) (tedit 5F68FEEE) (tstamp 650781FF)
    (at 82.296 35.56)
    (descr "Capacitor SMD 0402 (1005 Metric), square (rectangular) end terminal, IPC_7351 nominal, (Body size source: IPC-SM-782 page 76, https://www.pcb-3d.com/wordpress/wp-content/uploads/ipc-sm-782a_amendment_1_and_2.pdf), generated with kicad-footprint-generator")
    (tags capacitor)
    (path /651FD948)
    (attr smd)
    (fp_text reference C24 (at 0 -1.16) (layer F.SilkS)
      (effects (font (size 1 1) (thickness 0.15)))
    )
    (fp_text value 0.038uF (at 0 1.16) (layer F.Fab)
      (effects (font (size 1 1) (thickness 0.15)))
    )
    (fp_line (start 0.91 0.46) (end -0.91 0.46) (layer F.CrtYd) (width 0.05))
    (fp_line (start 0.91 -0.46) (end 0.91 0.46) (layer F.CrtYd) (width 0.05))
    (fp_line (start -0.91 -0.46) (end 0.91 -0.46) (layer F.CrtYd) (width 0.05))
    (fp_line (start -0.91 0.46) (end -0.91 -0.46) (layer F.CrtYd) (width 0.05))
    (fp_line (start -0.107836 0.36) (end 0.107836 0.36) (layer F.SilkS) (width 0.12))
    (fp_line (start -0.107836 -0.36) (end 0.107836 -0.36) (layer F.SilkS) (width 0.12))
    (fp_line (start 0.5 0.25) (end -0.5 0.25) (layer F.Fab) (width 0.1))
    (fp_line (start 0.5 -0.25) (end 0.5 0.25) (layer F.Fab) (width 0.1))
    (fp_line (start -0.5 -0.25) (end 0.5 -0.25) (layer F.Fab) (width 0.1))
    (fp_line (start -0.5 0.25) (end -0.5 -0.25) (layer F.Fab) (width 0.1))
    (fp_text user %R (at 0 0) (layer F.Fab)
      (effects (font (size 0.25 0.25) (thickness 0.04)))
    )
    (pad 2 smd roundrect (at 0.48 0) (size 0.56 0.62) (layers F.Cu F.Paste F.Mask) (roundrect_rratio 0.25)
      (net 1 GND))
    (pad 1 smd roundrect (at -0.48 0) (size 0.56 0.62) (layers F.Cu F.Paste F.Mask) (roundrect_rratio 0.25)
      (net 18 "Net-(C24-Pad1)"))
    (model ${KISYS3DMOD}/Capacitor_SMD.3dshapes/C_0402_1005Metric.wrl
      (at (xyz 0 0 0))
      (scale (xyz 1 1 1))
      (rotate (xyz 0 0 0))
    )
  )

  (module Capacitor_SMD:CP_Elec_16x17.5 (layer F.Cu) (tedit 65074D90) (tstamp 65078089)
    (at 165.354 38.862 270)
    (descr "SMD capacitor, aluminum electrolytic, Vishay 1616, 16.0x17.5mm, http://www.vishay.com/docs/28395/150crz.pdf")
    (tags "capacitor electrolytic")
    (path /650252CB)
    (attr smd)
    (fp_text reference C2 (at 0 -9.35 270) (layer F.SilkS)
      (effects (font (size 1 1) (thickness 0.15)))
    )
    (fp_text value "680uF STANDARD" (at 0 9.35 270) (layer F.Fab)
      (effects (font (size 1 1) (thickness 0.15)))
    )
    (fp_circle (center 0 0) (end 8 0) (layer F.Fab) (width 0.1))
    (fp_line (start 8.3 -8.3) (end 8.3 8.3) (layer F.Fab) (width 0.1))
    (fp_line (start -7.3 -8.3) (end 8.3 -8.3) (layer F.Fab) (width 0.1))
    (fp_line (start -7.3 8.3) (end 8.3 8.3) (layer F.Fab) (width 0.1))
    (fp_line (start -8.3 -7.3) (end -8.3 7.3) (layer F.Fab) (width 0.1))
    (fp_line (start -8.3 -7.3) (end -7.3 -8.3) (layer F.Fab) (width 0.1))
    (fp_line (start -8.3 7.3) (end -7.3 8.3) (layer F.Fab) (width 0.1))
    (fp_line (start -7.517142 -2.3) (end -5.917142 -2.3) (layer F.Fab) (width 0.1))
    (fp_line (start -6.717142 -3.1) (end -6.717142 -1.5) (layer F.Fab) (width 0.1))
    (fp_line (start 8.41 8.41) (end 8.41 5.06) (layer F.SilkS) (width 0.12))
    (fp_line (start 8.41 -8.41) (end 8.41 -5.06) (layer F.SilkS) (width 0.12))
    (fp_line (start -7.345563 -8.41) (end 8.41 -8.41) (layer F.SilkS) (width 0.12))
    (fp_line (start -7.345563 8.41) (end 8.41 8.41) (layer F.SilkS) (width 0.12))
    (fp_line (start -8.41 7.345563) (end -8.41 5.06) (layer F.SilkS) (width 0.12))
    (fp_line (start -8.41 -7.345563) (end -8.41 -5.06) (layer F.SilkS) (width 0.12))
    (fp_line (start -8.41 -7.345563) (end -7.345563 -8.41) (layer F.SilkS) (width 0.12))
    (fp_line (start -8.41 7.345563) (end -7.345563 8.41) (layer F.SilkS) (width 0.12))
    (fp_line (start -10.65 -7.06) (end -8.65 -7.06) (layer F.SilkS) (width 0.12))
    (fp_line (start -9.65 -8.06) (end -9.65 -6.06) (layer F.SilkS) (width 0.12))
    (fp_line (start 8.55 -8.55) (end 8.55 -5.05) (layer F.CrtYd) (width 0.05))
    (fp_line (start 8.55 -5.05) (end 10.4 -5.05) (layer F.CrtYd) (width 0.05))
    (fp_line (start 10.4 -5.05) (end 10.4 5.05) (layer F.CrtYd) (width 0.05))
    (fp_line (start 10.4 5.05) (end 8.55 5.05) (layer F.CrtYd) (width 0.05))
    (fp_line (start 8.55 5.05) (end 8.55 8.55) (layer F.CrtYd) (width 0.05))
    (fp_line (start -7.4 8.55) (end 8.55 8.55) (layer F.CrtYd) (width 0.05))
    (fp_line (start -7.4 -8.55) (end 8.55 -8.55) (layer F.CrtYd) (width 0.05))
    (fp_line (start -8.55 7.4) (end -7.4 8.55) (layer F.CrtYd) (width 0.05))
    (fp_line (start -8.55 -7.4) (end -7.4 -8.55) (layer F.CrtYd) (width 0.05))
    (fp_line (start -8.55 -7.4) (end -8.55 -5.05) (layer F.CrtYd) (width 0.05))
    (fp_line (start -8.55 5.05) (end -8.55 7.4) (layer F.CrtYd) (width 0.05))
    (fp_line (start -8.55 -5.05) (end -10.4 -5.05) (layer F.CrtYd) (width 0.05))
    (fp_line (start -10.4 -5.05) (end -10.4 5.05) (layer F.CrtYd) (width 0.05))
    (fp_line (start -10.4 5.05) (end -8.55 5.05) (layer F.CrtYd) (width 0.05))
    (fp_text user %R (at 0 0 270) (layer F.Fab)
      (effects (font (size 1 1) (thickness 0.15)))
    )
    (pad 1 smd roundrect (at -4.85 0 270) (size 5.7 2.5) (layers F.Cu F.Paste F.Mask) (roundrect_rratio 0.032)
      (net 3 28VDC))
    (pad 2 smd roundrect (at 4.85 0 270) (size 5.7 2.5) (layers F.Cu F.Paste F.Mask) (roundrect_rratio 0.032)
      (net 1 GND))
    (model ${KISYS3DMOD}/Capacitor_SMD.3dshapes/CP_Elec_16x17.5.wrl
      (at (xyz 0 0 0))
      (scale (xyz 1 1 1))
      (rotate (xyz 0 0 0))
    )
  )

  (module Connector_PinHeader_2.54mm:PinHeader_2x15_P2.54mm_Vertical (layer B.Cu) (tedit 6507442D) (tstamp 65079B40)
    (at 44 57.66 270)
    (descr "Through hole straight pin header, 2x15, 2.54mm pitch, double rows")
    (tags "Through hole pin header THT 2x15 2.54mm double row")
    (path /6512CFF5)
    (fp_text reference J2 (at 1.27 2.33 90) (layer B.SilkS)
      (effects (font (size 1 1) (thickness 0.15)) (justify mirror))
    )
    (fp_text value Conn_02x15_Odd_Even (at 1.27 -37.89 90) (layer B.Fab)
      (effects (font (size 1 1) (thickness 0.15)) (justify mirror))
    )
    (fp_line (start 4.35 1.8) (end -1.8 1.8) (layer B.CrtYd) (width 0.05))
    (fp_line (start 4.35 -37.35) (end 4.35 1.8) (layer B.CrtYd) (width 0.05))
    (fp_line (start -1.8 -37.35) (end 4.35 -37.35) (layer B.CrtYd) (width 0.05))
    (fp_line (start -1.8 1.8) (end -1.8 -37.35) (layer B.CrtYd) (width 0.05))
    (fp_line (start -1.33 1.33) (end 0 1.33) (layer B.SilkS) (width 0.12))
    (fp_line (start -1.33 0) (end -1.33 1.33) (layer B.SilkS) (width 0.12))
    (fp_line (start 1.27 1.33) (end 3.87 1.33) (layer B.SilkS) (width 0.12))
    (fp_line (start 1.27 -1.27) (end 1.27 1.33) (layer B.SilkS) (width 0.12))
    (fp_line (start -1.33 -1.27) (end 1.27 -1.27) (layer B.SilkS) (width 0.12))
    (fp_line (start 3.87 1.33) (end 3.87 -36.89) (layer B.SilkS) (width 0.12))
    (fp_line (start -1.33 -1.27) (end -1.33 -36.89) (layer B.SilkS) (width 0.12))
    (fp_line (start -1.33 -36.89) (end 3.87 -36.89) (layer B.SilkS) (width 0.12))
    (fp_line (start -1.27 0) (end 0 1.27) (layer B.Fab) (width 0.1))
    (fp_line (start -1.27 -36.83) (end -1.27 0) (layer B.Fab) (width 0.1))
    (fp_line (start 3.81 -36.83) (end -1.27 -36.83) (layer B.Fab) (width 0.1))
    (fp_line (start 3.81 1.27) (end 3.81 -36.83) (layer B.Fab) (width 0.1))
    (fp_line (start 0 1.27) (end 3.81 1.27) (layer B.Fab) (width 0.1))
    (fp_text user %R (at 1.27 -17.78) (layer B.Fab)
      (effects (font (size 1 1) (thickness 0.15)) (justify mirror))
    )
    (pad 1 thru_hole rect (at -5.33 0 270) (size 1.7 1.7) (drill 1) (layers *.Cu *.Mask)
      (net 3 28VDC))
    (pad 2 thru_hole oval (at 2.54 0 270) (size 1.7 1.7) (drill 1) (layers *.Cu *.Mask)
      (net 3 28VDC))
    (pad 3 thru_hole oval (at -5.33 -2.54 270) (size 1.7 1.7) (drill 1) (layers *.Cu *.Mask)
      (net 1 GND))
    (pad 4 thru_hole oval (at 2.54 -2.54 270) (size 1.7 1.7) (drill 1) (layers *.Cu *.Mask)
      (net 3 28VDC))
    (pad 5 thru_hole oval (at -5.33 -5.08 270) (size 1.7 1.7) (drill 1) (layers *.Cu *.Mask)
      (net 1 GND))
    (pad 6 thru_hole oval (at 2.54 -5.08 270) (size 1.7 1.7) (drill 1) (layers *.Cu *.Mask)
      (net 1 GND))
    (pad 7 thru_hole oval (at -5.33 -7.62 270) (size 1.7 1.7) (drill 1) (layers *.Cu *.Mask)
      (net 28 +3V3))
    (pad 8 thru_hole oval (at 2.54 -7.62 270) (size 1.7 1.7) (drill 1) (layers *.Cu *.Mask)
      (net 28 +3V3))
    (pad 9 thru_hole oval (at -5.33 -10.16 270) (size 1.7 1.7) (drill 1) (layers *.Cu *.Mask)
      (net 28 +3V3))
    (pad 10 thru_hole oval (at 2.54 -10.16 270) (size 1.7 1.7) (drill 1) (layers *.Cu *.Mask)
      (net 28 +3V3))
    (pad 11 thru_hole oval (at -5.33 -12.7 270) (size 1.7 1.7) (drill 1) (layers *.Cu *.Mask)
      (net 28 +3V3))
    (pad 12 thru_hole oval (at 2.54 -12.7 270) (size 1.7 1.7) (drill 1) (layers *.Cu *.Mask)
      (net 28 +3V3))
    (pad 13 thru_hole oval (at -5.33 -15.24 270) (size 1.7 1.7) (drill 1) (layers *.Cu *.Mask)
      (net 28 +3V3))
    (pad 14 thru_hole oval (at 2.54 -15.24 270) (size 1.7 1.7) (drill 1) (layers *.Cu *.Mask)
      (net 1 GND))
    (pad 15 thru_hole oval (at -5.33 -17.78 270) (size 1.7 1.7) (drill 1) (layers *.Cu *.Mask)
      (net 1 GND))
    (pad 16 thru_hole oval (at 2.54 -17.78 270) (size 1.7 1.7) (drill 1) (layers *.Cu *.Mask)
      (net 1 GND))
    (pad 17 thru_hole oval (at -5.33 -20.32 270) (size 1.7 1.7) (drill 1) (layers *.Cu *.Mask)
      (net 1 GND))
    (pad 18 thru_hole oval (at 2.54 -20.32 270) (size 1.7 1.7) (drill 1) (layers *.Cu *.Mask)
      (net 1 GND))
    (pad 19 thru_hole oval (at -5.33 -22.86 270) (size 1.7 1.7) (drill 1) (layers *.Cu *.Mask)
      (net 1 GND))
    (pad 20 thru_hole oval (at 2.54 -22.86 270) (size 1.7 1.7) (drill 1) (layers *.Cu *.Mask)
      (net 1 GND))
    (pad 21 thru_hole oval (at -5.33 -25.4 270) (size 1.7 1.7) (drill 1) (layers *.Cu *.Mask)
      (net 1 GND))
    (pad 22 thru_hole oval (at 2.54 -25.4 270) (size 1.7 1.7) (drill 1) (layers *.Cu *.Mask)
      (net 27 +5V))
    (pad 23 thru_hole oval (at -5.33 -27.94 270) (size 1.7 1.7) (drill 1) (layers *.Cu *.Mask)
      (net 27 +5V))
    (pad 24 thru_hole oval (at 2.54 -27.94 270) (size 1.7 1.7) (drill 1) (layers *.Cu *.Mask)
      (net 27 +5V))
    (pad 25 thru_hole oval (at -5.33 -30.48 270) (size 1.7 1.7) (drill 1) (layers *.Cu *.Mask)
      (net 27 +5V))
    (pad 26 thru_hole oval (at 2.54 -30.48 270) (size 1.7 1.7) (drill 1) (layers *.Cu *.Mask)
      (net 27 +5V))
    (pad 27 thru_hole oval (at -5.33 -33.02 270) (size 1.7 1.7) (drill 1) (layers *.Cu *.Mask)
      (net 1 GND))
    (pad 28 thru_hole oval (at 2.54 -33.02 270) (size 1.7 1.7) (drill 1) (layers *.Cu *.Mask)
      (net 1 GND))
    (pad 29 thru_hole oval (at -5.33 -35.56 270) (size 1.7 1.7) (drill 1) (layers *.Cu *.Mask)
      (net 29 +12V))
    (pad 30 thru_hole oval (at 2.54 -35.56 270) (size 1.7 1.7) (drill 1) (layers *.Cu *.Mask)
      (net 57 STANDBY))
    (model ${KISYS3DMOD}/Connector_PinHeader_2.54mm.3dshapes/PinHeader_2x15_P2.54mm_Vertical.wrl
      (at (xyz 0 0 0))
      (scale (xyz 1 1 1))
      (rotate (xyz 0 0 0))
    )
  )

  (module Capacitor_SMD:C_0402_1005Metric (layer B.Cu) (tedit 5F68FEEE) (tstamp 65078061)
    (at 173.482 49.276 180)
    (descr "Capacitor SMD 0402 (1005 Metric), square (rectangular) end terminal, IPC_7351 nominal, (Body size source: IPC-SM-782 page 76, https://www.pcb-3d.com/wordpress/wp-content/uploads/ipc-sm-782a_amendment_1_and_2.pdf), generated with kicad-footprint-generator")
    (tags capacitor)
    (path /65833005)
    (attr smd)
    (fp_text reference C1 (at 0 1.16) (layer B.SilkS)
      (effects (font (size 1 1) (thickness 0.15)) (justify mirror))
    )
    (fp_text value 1uF (at 0 -1.16) (layer B.Fab)
      (effects (font (size 1 1) (thickness 0.15)) (justify mirror))
    )
    (fp_line (start 0.91 -0.46) (end -0.91 -0.46) (layer B.CrtYd) (width 0.05))
    (fp_line (start 0.91 0.46) (end 0.91 -0.46) (layer B.CrtYd) (width 0.05))
    (fp_line (start -0.91 0.46) (end 0.91 0.46) (layer B.CrtYd) (width 0.05))
    (fp_line (start -0.91 -0.46) (end -0.91 0.46) (layer B.CrtYd) (width 0.05))
    (fp_line (start -0.107836 -0.36) (end 0.107836 -0.36) (layer B.SilkS) (width 0.12))
    (fp_line (start -0.107836 0.36) (end 0.107836 0.36) (layer B.SilkS) (width 0.12))
    (fp_line (start 0.5 -0.25) (end -0.5 -0.25) (layer B.Fab) (width 0.1))
    (fp_line (start 0.5 0.25) (end 0.5 -0.25) (layer B.Fab) (width 0.1))
    (fp_line (start -0.5 0.25) (end 0.5 0.25) (layer B.Fab) (width 0.1))
    (fp_line (start -0.5 -0.25) (end -0.5 0.25) (layer B.Fab) (width 0.1))
    (fp_text user %R (at 0 0) (layer B.Fab)
      (effects (font (size 0.25 0.25) (thickness 0.04)) (justify mirror))
    )
    (pad 2 smd roundrect (at 0.48 0 180) (size 0.56 0.62) (layers B.Cu B.Paste B.Mask) (roundrect_rratio 0.25)
      (net 1 GND))
    (pad 1 smd roundrect (at -0.48 0 180) (size 0.56 0.62) (layers B.Cu B.Paste B.Mask) (roundrect_rratio 0.25)
      (net 2 "Net-(C1-Pad1)"))
    (model ${KISYS3DMOD}/Capacitor_SMD.3dshapes/C_0402_1005Metric.wrl
      (at (xyz 0 0 0))
      (scale (xyz 1 1 1))
      (rotate (xyz 0 0 0))
    )
  )

  (module Capacitor_SMD:C_0402_1005Metric (layer F.Cu) (tedit 5F68FEEE) (tstamp 6507809A)
    (at 175.006 44.45 270)
    (descr "Capacitor SMD 0402 (1005 Metric), square (rectangular) end terminal, IPC_7351 nominal, (Body size source: IPC-SM-782 page 76, https://www.pcb-3d.com/wordpress/wp-content/uploads/ipc-sm-782a_amendment_1_and_2.pdf), generated with kicad-footprint-generator")
    (tags capacitor)
    (path /657615E5)
    (attr smd)
    (fp_text reference C3 (at 0 -1.16 90) (layer F.SilkS)
      (effects (font (size 1 1) (thickness 0.15)))
    )
    (fp_text value 1nF (at 0 1.16 90) (layer F.Fab)
      (effects (font (size 1 1) (thickness 0.15)))
    )
    (fp_line (start 0.91 0.46) (end -0.91 0.46) (layer F.CrtYd) (width 0.05))
    (fp_line (start 0.91 -0.46) (end 0.91 0.46) (layer F.CrtYd) (width 0.05))
    (fp_line (start -0.91 -0.46) (end 0.91 -0.46) (layer F.CrtYd) (width 0.05))
    (fp_line (start -0.91 0.46) (end -0.91 -0.46) (layer F.CrtYd) (width 0.05))
    (fp_line (start -0.107836 0.36) (end 0.107836 0.36) (layer F.SilkS) (width 0.12))
    (fp_line (start -0.107836 -0.36) (end 0.107836 -0.36) (layer F.SilkS) (width 0.12))
    (fp_line (start 0.5 0.25) (end -0.5 0.25) (layer F.Fab) (width 0.1))
    (fp_line (start 0.5 -0.25) (end 0.5 0.25) (layer F.Fab) (width 0.1))
    (fp_line (start -0.5 -0.25) (end 0.5 -0.25) (layer F.Fab) (width 0.1))
    (fp_line (start -0.5 0.25) (end -0.5 -0.25) (layer F.Fab) (width 0.1))
    (fp_text user %R (at 0 0 90) (layer F.Fab)
      (effects (font (size 0.25 0.25) (thickness 0.04)))
    )
    (pad 2 smd roundrect (at 0.48 0 270) (size 0.56 0.62) (layers F.Cu F.Paste F.Mask) (roundrect_rratio 0.25)
      (net 1 GND))
    (pad 1 smd roundrect (at -0.48 0 270) (size 0.56 0.62) (layers F.Cu F.Paste F.Mask) (roundrect_rratio 0.25)
      (net 4 "Net-(C3-Pad1)"))
    (model ${KISYS3DMOD}/Capacitor_SMD.3dshapes/C_0402_1005Metric.wrl
      (at (xyz 0 0 0))
      (scale (xyz 1 1 1))
      (rotate (xyz 0 0 0))
    )
  )

  (module Capacitor_SMD:C_1206_3216Metric (layer B.Cu) (tedit 5F68FEEE) (tstamp 650780AB)
    (at 94.996 36.371 270)
    (descr "Capacitor SMD 1206 (3216 Metric), square (rectangular) end terminal, IPC_7351 nominal, (Body size source: IPC-SM-782 page 76, https://www.pcb-3d.com/wordpress/wp-content/uploads/ipc-sm-782a_amendment_1_and_2.pdf), generated with kicad-footprint-generator")
    (tags capacitor)
    (path /65025DA2)
    (attr smd)
    (fp_text reference C4 (at 0 1.85 270) (layer B.SilkS)
      (effects (font (size 1 1) (thickness 0.15)) (justify mirror))
    )
    (fp_text value 2.2uF (at 0 -1.85 270) (layer B.Fab)
      (effects (font (size 1 1) (thickness 0.15)) (justify mirror))
    )
    (fp_line (start 2.3 -1.15) (end -2.3 -1.15) (layer B.CrtYd) (width 0.05))
    (fp_line (start 2.3 1.15) (end 2.3 -1.15) (layer B.CrtYd) (width 0.05))
    (fp_line (start -2.3 1.15) (end 2.3 1.15) (layer B.CrtYd) (width 0.05))
    (fp_line (start -2.3 -1.15) (end -2.3 1.15) (layer B.CrtYd) (width 0.05))
    (fp_line (start -0.711252 -0.91) (end 0.711252 -0.91) (layer B.SilkS) (width 0.12))
    (fp_line (start -0.711252 0.91) (end 0.711252 0.91) (layer B.SilkS) (width 0.12))
    (fp_line (start 1.6 -0.8) (end -1.6 -0.8) (layer B.Fab) (width 0.1))
    (fp_line (start 1.6 0.8) (end 1.6 -0.8) (layer B.Fab) (width 0.1))
    (fp_line (start -1.6 0.8) (end 1.6 0.8) (layer B.Fab) (width 0.1))
    (fp_line (start -1.6 -0.8) (end -1.6 0.8) (layer B.Fab) (width 0.1))
    (fp_text user %R (at 0 0 270) (layer B.Fab)
      (effects (font (size 0.8 0.8) (thickness 0.12)) (justify mirror))
    )
    (pad 2 smd roundrect (at 1.475 0 270) (size 1.15 1.8) (layers B.Cu B.Paste B.Mask) (roundrect_rratio 0.2173904347826087)
      (net 1 GND))
    (pad 1 smd roundrect (at -1.475 0 270) (size 1.15 1.8) (layers B.Cu B.Paste B.Mask) (roundrect_rratio 0.2173904347826087)
      (net 3 28VDC))
    (model ${KISYS3DMOD}/Capacitor_SMD.3dshapes/C_1206_3216Metric.wrl
      (at (xyz 0 0 0))
      (scale (xyz 1 1 1))
      (rotate (xyz 0 0 0))
    )
  )

  (module Capacitor_SMD:C_0402_1005Metric (layer B.Cu) (tedit 5F68FEEE) (tstamp 650780BC)
    (at 168.656 49.276 180)
    (descr "Capacitor SMD 0402 (1005 Metric), square (rectangular) end terminal, IPC_7351 nominal, (Body size source: IPC-SM-782 page 76, https://www.pcb-3d.com/wordpress/wp-content/uploads/ipc-sm-782a_amendment_1_and_2.pdf), generated with kicad-footprint-generator")
    (tags capacitor)
    (path /658328A0)
    (attr smd)
    (fp_text reference C5 (at 0 1.16) (layer B.SilkS)
      (effects (font (size 1 1) (thickness 0.15)) (justify mirror))
    )
    (fp_text value 1uF (at 0 -1.16) (layer B.Fab)
      (effects (font (size 1 1) (thickness 0.15)) (justify mirror))
    )
    (fp_line (start -0.5 -0.25) (end -0.5 0.25) (layer B.Fab) (width 0.1))
    (fp_line (start -0.5 0.25) (end 0.5 0.25) (layer B.Fab) (width 0.1))
    (fp_line (start 0.5 0.25) (end 0.5 -0.25) (layer B.Fab) (width 0.1))
    (fp_line (start 0.5 -0.25) (end -0.5 -0.25) (layer B.Fab) (width 0.1))
    (fp_line (start -0.107836 0.36) (end 0.107836 0.36) (layer B.SilkS) (width 0.12))
    (fp_line (start -0.107836 -0.36) (end 0.107836 -0.36) (layer B.SilkS) (width 0.12))
    (fp_line (start -0.91 -0.46) (end -0.91 0.46) (layer B.CrtYd) (width 0.05))
    (fp_line (start -0.91 0.46) (end 0.91 0.46) (layer B.CrtYd) (width 0.05))
    (fp_line (start 0.91 0.46) (end 0.91 -0.46) (layer B.CrtYd) (width 0.05))
    (fp_line (start 0.91 -0.46) (end -0.91 -0.46) (layer B.CrtYd) (width 0.05))
    (fp_text user %R (at 0 0) (layer B.Fab)
      (effects (font (size 0.25 0.25) (thickness 0.04)) (justify mirror))
    )
    (pad 1 smd roundrect (at -0.48 0 180) (size 0.56 0.62) (layers B.Cu B.Paste B.Mask) (roundrect_rratio 0.25)
      (net 1 GND))
    (pad 2 smd roundrect (at 0.48 0 180) (size 0.56 0.62) (layers B.Cu B.Paste B.Mask) (roundrect_rratio 0.25)
      (net 5 "Net-(C5-Pad2)"))
    (model ${KISYS3DMOD}/Capacitor_SMD.3dshapes/C_0402_1005Metric.wrl
      (at (xyz 0 0 0))
      (scale (xyz 1 1 1))
      (rotate (xyz 0 0 0))
    )
  )

  (module Capacitor_SMD:C_1206_3216Metric (layer B.Cu) (tedit 5F68FEEE) (tstamp 650780CD)
    (at 100.076 36.322 270)
    (descr "Capacitor SMD 1206 (3216 Metric), square (rectangular) end terminal, IPC_7351 nominal, (Body size source: IPC-SM-782 page 76, https://www.pcb-3d.com/wordpress/wp-content/uploads/ipc-sm-782a_amendment_1_and_2.pdf), generated with kicad-footprint-generator")
    (tags capacitor)
    (path /6502B460)
    (attr smd)
    (fp_text reference C6 (at 0 1.85 270) (layer B.SilkS)
      (effects (font (size 1 1) (thickness 0.15)) (justify mirror))
    )
    (fp_text value 2.2uF (at 0 -1.85 270) (layer B.Fab)
      (effects (font (size 1 1) (thickness 0.15)) (justify mirror))
    )
    (fp_line (start -1.6 -0.8) (end -1.6 0.8) (layer B.Fab) (width 0.1))
    (fp_line (start -1.6 0.8) (end 1.6 0.8) (layer B.Fab) (width 0.1))
    (fp_line (start 1.6 0.8) (end 1.6 -0.8) (layer B.Fab) (width 0.1))
    (fp_line (start 1.6 -0.8) (end -1.6 -0.8) (layer B.Fab) (width 0.1))
    (fp_line (start -0.711252 0.91) (end 0.711252 0.91) (layer B.SilkS) (width 0.12))
    (fp_line (start -0.711252 -0.91) (end 0.711252 -0.91) (layer B.SilkS) (width 0.12))
    (fp_line (start -2.3 -1.15) (end -2.3 1.15) (layer B.CrtYd) (width 0.05))
    (fp_line (start -2.3 1.15) (end 2.3 1.15) (layer B.CrtYd) (width 0.05))
    (fp_line (start 2.3 1.15) (end 2.3 -1.15) (layer B.CrtYd) (width 0.05))
    (fp_line (start 2.3 -1.15) (end -2.3 -1.15) (layer B.CrtYd) (width 0.05))
    (fp_text user %R (at 0 0 270) (layer B.Fab)
      (effects (font (size 0.8 0.8) (thickness 0.12)) (justify mirror))
    )
    (pad 1 smd roundrect (at -1.475 0 270) (size 1.15 1.8) (layers B.Cu B.Paste B.Mask) (roundrect_rratio 0.2173904347826087)
      (net 3 28VDC))
    (pad 2 smd roundrect (at 1.475 0 270) (size 1.15 1.8) (layers B.Cu B.Paste B.Mask) (roundrect_rratio 0.2173904347826087)
      (net 1 GND))
    (model ${KISYS3DMOD}/Capacitor_SMD.3dshapes/C_1206_3216Metric.wrl
      (at (xyz 0 0 0))
      (scale (xyz 1 1 1))
      (rotate (xyz 0 0 0))
    )
  )

  (module Capacitor_SMD:C_1206_3216Metric (layer B.Cu) (tedit 5F68FEEE) (tstamp 650780DE)
    (at 97.536 36.322 270)
    (descr "Capacitor SMD 1206 (3216 Metric), square (rectangular) end terminal, IPC_7351 nominal, (Body size source: IPC-SM-782 page 76, https://www.pcb-3d.com/wordpress/wp-content/uploads/ipc-sm-782a_amendment_1_and_2.pdf), generated with kicad-footprint-generator")
    (tags capacitor)
    (path /6502BD92)
    (attr smd)
    (fp_text reference C7 (at 0 1.85 270) (layer B.SilkS)
      (effects (font (size 1 1) (thickness 0.15)) (justify mirror))
    )
    (fp_text value 2.2uF (at 0 -1.85 270) (layer B.Fab)
      (effects (font (size 1 1) (thickness 0.15)) (justify mirror))
    )
    (fp_line (start 2.3 -1.15) (end -2.3 -1.15) (layer B.CrtYd) (width 0.05))
    (fp_line (start 2.3 1.15) (end 2.3 -1.15) (layer B.CrtYd) (width 0.05))
    (fp_line (start -2.3 1.15) (end 2.3 1.15) (layer B.CrtYd) (width 0.05))
    (fp_line (start -2.3 -1.15) (end -2.3 1.15) (layer B.CrtYd) (width 0.05))
    (fp_line (start -0.711252 -0.91) (end 0.711252 -0.91) (layer B.SilkS) (width 0.12))
    (fp_line (start -0.711252 0.91) (end 0.711252 0.91) (layer B.SilkS) (width 0.12))
    (fp_line (start 1.6 -0.8) (end -1.6 -0.8) (layer B.Fab) (width 0.1))
    (fp_line (start 1.6 0.8) (end 1.6 -0.8) (layer B.Fab) (width 0.1))
    (fp_line (start -1.6 0.8) (end 1.6 0.8) (layer B.Fab) (width 0.1))
    (fp_line (start -1.6 -0.8) (end -1.6 0.8) (layer B.Fab) (width 0.1))
    (fp_text user %R (at 0 0 270) (layer B.Fab)
      (effects (font (size 0.8 0.8) (thickness 0.12)) (justify mirror))
    )
    (pad 2 smd roundrect (at 1.475 0 270) (size 1.15 1.8) (layers B.Cu B.Paste B.Mask) (roundrect_rratio 0.2173904347826087)
      (net 1 GND))
    (pad 1 smd roundrect (at -1.475 0 270) (size 1.15 1.8) (layers B.Cu B.Paste B.Mask) (roundrect_rratio 0.2173904347826087)
      (net 3 28VDC))
    (model ${KISYS3DMOD}/Capacitor_SMD.3dshapes/C_1206_3216Metric.wrl
      (at (xyz 0 0 0))
      (scale (xyz 1 1 1))
      (rotate (xyz 0 0 0))
    )
  )

  (module Capacitor_SMD:C_1206_3216Metric (layer B.Cu) (tedit 5F68FEEE) (tstamp 650780EF)
    (at 102.616 36.322 270)
    (descr "Capacitor SMD 1206 (3216 Metric), square (rectangular) end terminal, IPC_7351 nominal, (Body size source: IPC-SM-782 page 76, https://www.pcb-3d.com/wordpress/wp-content/uploads/ipc-sm-782a_amendment_1_and_2.pdf), generated with kicad-footprint-generator")
    (tags capacitor)
    (path /6502C47B)
    (attr smd)
    (fp_text reference C8 (at 0 1.85 270) (layer B.SilkS)
      (effects (font (size 1 1) (thickness 0.15)) (justify mirror))
    )
    (fp_text value 2.2uF (at 0 -1.85 270) (layer B.Fab)
      (effects (font (size 1 1) (thickness 0.15)) (justify mirror))
    )
    (fp_line (start -1.6 -0.8) (end -1.6 0.8) (layer B.Fab) (width 0.1))
    (fp_line (start -1.6 0.8) (end 1.6 0.8) (layer B.Fab) (width 0.1))
    (fp_line (start 1.6 0.8) (end 1.6 -0.8) (layer B.Fab) (width 0.1))
    (fp_line (start 1.6 -0.8) (end -1.6 -0.8) (layer B.Fab) (width 0.1))
    (fp_line (start -0.711252 0.91) (end 0.711252 0.91) (layer B.SilkS) (width 0.12))
    (fp_line (start -0.711252 -0.91) (end 0.711252 -0.91) (layer B.SilkS) (width 0.12))
    (fp_line (start -2.3 -1.15) (end -2.3 1.15) (layer B.CrtYd) (width 0.05))
    (fp_line (start -2.3 1.15) (end 2.3 1.15) (layer B.CrtYd) (width 0.05))
    (fp_line (start 2.3 1.15) (end 2.3 -1.15) (layer B.CrtYd) (width 0.05))
    (fp_line (start 2.3 -1.15) (end -2.3 -1.15) (layer B.CrtYd) (width 0.05))
    (fp_text user %R (at 0 0 270) (layer B.Fab)
      (effects (font (size 0.8 0.8) (thickness 0.12)) (justify mirror))
    )
    (pad 1 smd roundrect (at -1.475 0 270) (size 1.15 1.8) (layers B.Cu B.Paste B.Mask) (roundrect_rratio 0.2173904347826087)
      (net 3 28VDC))
    (pad 2 smd roundrect (at 1.475 0 270) (size 1.15 1.8) (layers B.Cu B.Paste B.Mask) (roundrect_rratio 0.2173904347826087)
      (net 1 GND))
    (model ${KISYS3DMOD}/Capacitor_SMD.3dshapes/C_1206_3216Metric.wrl
      (at (xyz 0 0 0))
      (scale (xyz 1 1 1))
      (rotate (xyz 0 0 0))
    )
  )

  (module Capacitor_SMD:C_0402_1005Metric (layer F.Cu) (tedit 5F68FEEE) (tstamp 65078100)
    (at 92.202 50.292 180)
    (descr "Capacitor SMD 0402 (1005 Metric), square (rectangular) end terminal, IPC_7351 nominal, (Body size source: IPC-SM-782 page 76, https://www.pcb-3d.com/wordpress/wp-content/uploads/ipc-sm-782a_amendment_1_and_2.pdf), generated with kicad-footprint-generator")
    (tags capacitor)
    (path /654120E4)
    (attr smd)
    (fp_text reference C9 (at 0 -1.16) (layer F.SilkS)
      (effects (font (size 1 1) (thickness 0.15)))
    )
    (fp_text value 0.47uF (at 0 1.16) (layer F.Fab)
      (effects (font (size 1 1) (thickness 0.15)))
    )
    (fp_line (start -0.5 0.25) (end -0.5 -0.25) (layer F.Fab) (width 0.1))
    (fp_line (start -0.5 -0.25) (end 0.5 -0.25) (layer F.Fab) (width 0.1))
    (fp_line (start 0.5 -0.25) (end 0.5 0.25) (layer F.Fab) (width 0.1))
    (fp_line (start 0.5 0.25) (end -0.5 0.25) (layer F.Fab) (width 0.1))
    (fp_line (start -0.107836 -0.36) (end 0.107836 -0.36) (layer F.SilkS) (width 0.12))
    (fp_line (start -0.107836 0.36) (end 0.107836 0.36) (layer F.SilkS) (width 0.12))
    (fp_line (start -0.91 0.46) (end -0.91 -0.46) (layer F.CrtYd) (width 0.05))
    (fp_line (start -0.91 -0.46) (end 0.91 -0.46) (layer F.CrtYd) (width 0.05))
    (fp_line (start 0.91 -0.46) (end 0.91 0.46) (layer F.CrtYd) (width 0.05))
    (fp_line (start 0.91 0.46) (end -0.91 0.46) (layer F.CrtYd) (width 0.05))
    (fp_text user %R (at 0 0) (layer F.Fab)
      (effects (font (size 0.25 0.25) (thickness 0.04)))
    )
    (pad 1 smd roundrect (at -0.48 0 180) (size 0.56 0.62) (layers F.Cu F.Paste F.Mask) (roundrect_rratio 0.25)
      (net 6 "Net-(C9-Pad1)"))
    (pad 2 smd roundrect (at 0.48 0 180) (size 0.56 0.62) (layers F.Cu F.Paste F.Mask) (roundrect_rratio 0.25)
      (net 7 HB1))
    (model ${KISYS3DMOD}/Capacitor_SMD.3dshapes/C_0402_1005Metric.wrl
      (at (xyz 0 0 0))
      (scale (xyz 1 1 1))
      (rotate (xyz 0 0 0))
    )
  )

  (module Capacitor_SMD:C_1206_3216Metric (layer B.Cu) (tedit 5F68FEEE) (tstamp 65078111)
    (at 110.236 36.371 270)
    (descr "Capacitor SMD 1206 (3216 Metric), square (rectangular) end terminal, IPC_7351 nominal, (Body size source: IPC-SM-782 page 76, https://www.pcb-3d.com/wordpress/wp-content/uploads/ipc-sm-782a_amendment_1_and_2.pdf), generated with kicad-footprint-generator")
    (tags capacitor)
    (path /6502CBF5)
    (attr smd)
    (fp_text reference C10 (at 0 1.85 270) (layer B.SilkS)
      (effects (font (size 1 1) (thickness 0.15)) (justify mirror))
    )
    (fp_text value 2.2uF (at 0 -1.85 270) (layer B.Fab)
      (effects (font (size 1 1) (thickness 0.15)) (justify mirror))
    )
    (fp_line (start 2.3 -1.15) (end -2.3 -1.15) (layer B.CrtYd) (width 0.05))
    (fp_line (start 2.3 1.15) (end 2.3 -1.15) (layer B.CrtYd) (width 0.05))
    (fp_line (start -2.3 1.15) (end 2.3 1.15) (layer B.CrtYd) (width 0.05))
    (fp_line (start -2.3 -1.15) (end -2.3 1.15) (layer B.CrtYd) (width 0.05))
    (fp_line (start -0.711252 -0.91) (end 0.711252 -0.91) (layer B.SilkS) (width 0.12))
    (fp_line (start -0.711252 0.91) (end 0.711252 0.91) (layer B.SilkS) (width 0.12))
    (fp_line (start 1.6 -0.8) (end -1.6 -0.8) (layer B.Fab) (width 0.1))
    (fp_line (start 1.6 0.8) (end 1.6 -0.8) (layer B.Fab) (width 0.1))
    (fp_line (start -1.6 0.8) (end 1.6 0.8) (layer B.Fab) (width 0.1))
    (fp_line (start -1.6 -0.8) (end -1.6 0.8) (layer B.Fab) (width 0.1))
    (fp_text user %R (at 0 0 270) (layer B.Fab)
      (effects (font (size 0.8 0.8) (thickness 0.12)) (justify mirror))
    )
    (pad 2 smd roundrect (at 1.475 0 270) (size 1.15 1.8) (layers B.Cu B.Paste B.Mask) (roundrect_rratio 0.2173904347826087)
      (net 1 GND))
    (pad 1 smd roundrect (at -1.475 0 270) (size 1.15 1.8) (layers B.Cu B.Paste B.Mask) (roundrect_rratio 0.2173904347826087)
      (net 3 28VDC))
    (model ${KISYS3DMOD}/Capacitor_SMD.3dshapes/C_1206_3216Metric.wrl
      (at (xyz 0 0 0))
      (scale (xyz 1 1 1))
      (rotate (xyz 0 0 0))
    )
  )

  (module Capacitor_SMD:C_1206_3216Metric (layer B.Cu) (tedit 5F68FEEE) (tstamp 65078122)
    (at 143.764 36.322 270)
    (descr "Capacitor SMD 1206 (3216 Metric), square (rectangular) end terminal, IPC_7351 nominal, (Body size source: IPC-SM-782 page 76, https://www.pcb-3d.com/wordpress/wp-content/uploads/ipc-sm-782a_amendment_1_and_2.pdf), generated with kicad-footprint-generator")
    (tags capacitor)
    (path /6502D659)
    (attr smd)
    (fp_text reference C11 (at 0 1.85 270) (layer B.SilkS)
      (effects (font (size 1 1) (thickness 0.15)) (justify mirror))
    )
    (fp_text value 2.2uF (at 0 -1.85 270) (layer B.Fab)
      (effects (font (size 1 1) (thickness 0.15)) (justify mirror))
    )
    (fp_line (start -1.6 -0.8) (end -1.6 0.8) (layer B.Fab) (width 0.1))
